name: global-climate-analysis
channels:
  - defaults
  - conda-forge
dependencies:
  - blas=1.0=openblas
  - bottleneck=1.4.2=py314hdbb4bc7_1
  - bzip2=1.0.8=h80987f9_6
  - ca-certificates=2025.12.2=hca03da5_0
  - libcxx=20.1.8=hd7fd590_1
  - libexpat=2.7.3=h50f4ffc_4
  - libffi=3.4.4=hca03da5_1
  - libgfortran5=15.2.0=hb654fa1_1
  - libmpdec=4.0.0=h80987f9_0
  - libopenblas=0.3.30=hf2bb037_2
  - libzlib=1.3.1=h5f15de7_0
  - llvm-openmp=20.1.8=he822017_0
  - lz4-c=1.9.4=h313beb8_1
  - ncurses=6.5=hee39554_0
  - numexpr=2.14.1=py314h4402d01_0
  - numpy=2.3.5=py314hde9b8b7_0
  - numpy-base=2.3.5=py314hb4b2851_0
  - openssl=3.0.18=h9b4081a_0
  - pandas=2.3.3=py314heb7d0cc_1
  - pandas-stubs=2.2.3.250308=py314hca03da5_0
  - pip=25.3=pyh0d26453_0
  - python=3.14.2=h1858270_101_cp314
  - python-dateutil=2.9.0post0=py314hca03da5_2
  - python-tzdata=2025.2=pyhd3eb1b0_0
  - python_abi=3.14=2_cp314
  - pytz=2025.2=py314hca03da5_0
  - readline=8.3=h0b18652_0
  - six=1.17.0=py314hca03da5_0
  - sqlite=3.51.0=hab6afd1_0
  - tk=8.6.15=hcd8a7d5_0
  - types-pytz=2025.2.0.20250809=py314hca03da5_0
  - tzdata=2025b=h04d1e81_0
  - xz=5.6.4=h80987f9_1
  - zlib=1.3.1=h5f15de7_0
  - zstd=1.5.7=h817c040_0
  - pip:
      - globalclimateanalysis==0.1.0.dev0
prefix: /opt/miniconda3/envs/global-climate-analysis
